orientation:
  w: 0.20952524992747512
  x: 0.02939322133977513
  y: -0.6581696479649817
  z: 0.7225288386491935
position:
  x: 0.19194985972364245
  y: -0.2946259593981825
  z: 0.27038462913248407
